array([[[ 0.41058824],
        [ 0.45137255],
        [ 0.43568627],
        ..., 
        [ 0.39490196],
        [ 0.38235294],
        [ 0.43254902]],

       [[ 0.40117647],
        [ 0.44823529],
        [ 0.44509804],
        ..., 
        [ 0.36666667],
        [ 0.36352941],
        [ 0.39803922]],

       [[ 0.41058824],
        [ 0.43568627],
        [ 0.42      ],
        ..., 
        [ 0.36666667],
        [ 0.38862745],
        [ 0.39803922]],

       ..., 
       [[ 0.81215686],
        [ 0.8027451 ],
        [ 0.85294118],
        ..., 
        [ 0.69294118],
        [ 0.65529412],
        [ 0.58627451]],

       [[ 0.86235294],
        [ 0.75254902],
        [ 0.78078431],
        ..., 
        [ 0.66470588],
        [ 0.70235294],
        [ 0.57372549]],

       [[ 0.87176471],
        [ 0.81215686],
        [ 0.84666667],
        ..., 
        [ 0.74      ],
        [ 0.65843137],
        [ 0.51098039]]])